1 0 0 0 0.004038
1 0 0 1 0.00373
1 0 0 2 0.003453
1 0 0 3 0.002903
1 0 0 4 0.002798
1 0 0 5 0.002301
1 0 0 6 0.001967
1 0 0 7 0.001731
1 0 0 8 0.001303
1 0 0 9 0.001037
1 0 1 0 0.004078
1 0 1 1 0.003808
1 0 1 2 0.003489
1 0 1 3 0.002592
1 0 1 4 0.002421
1 0 1 5 0.002146
1 0 1 6 0.001851
1 0 1 7 0.001582
1 0 1 8 0.001301
1 0 1 9 0.000996
1 0 2 0 0.00406
1 0 2 1 0.00382
1 0 2 2 0.003453
1 0 2 3 0.002622
1 0 2 4 0.002439
1 0 2 5 0.002162
1 0 2 6 0.001889
1 0 2 7 0.001563
1 0 2 8 0.001268
1 0 2 9 0.000928
1 0 3 0 0.004076
1 0 3 1 0.003756
1 0 3 2 0.00337
1 0 3 3 0.003041
1 0 3 4 0.002642
1 0 3 5 0.002257
1 0 3 6 0.001925
1 0 3 7 0.001659
1 0 3 8 0.001203
1 0 3 9 0.000901
1 1 0 0 0.000287
1 1 0 1 0.000497
1 1 0 2 0.000773
1 1 0 3 0.000979
1 1 0 4 0.001235
1 1 0 5 0.001524
1 1 0 6 0.002014
1 1 0 7 0.002727
1 1 0 8 0.002081
1 1 0 9 0.003466
1 1 1 0 0.000283
1 1 1 1 0.000511
1 1 1 2 0.000804
1 1 1 3 0.00101
1 1 1 4 0.001287
1 1 1 5 0.001598
1 1 1 6 0.002156
1 1 1 7 0.002711
1 1 1 8 0.002149
1 1 1 9 0.003693
1 1 2 0 0.000292
1 1 2 1 0.000515
1 1 2 2 0.000759
1 1 2 3 0.001004
1 1 2 4 0.001273
1 1 2 5 0.001608
1 1 2 6 0.002119
1 1 2 7 0.002661
1 1 2 8 0.00217
1 1 2 9 0.00353
1 1 3 0 0.000275
1 1 3 1 0.000486
1 1 3 2 0.000759
1 1 3 3 0.000957
1 1 3 4 0.001217
1 1 3 5 0.001537
1 1 3 6 0.002069
1 1 3 7 0.002505
1 1 3 8 0.002145
1 1 3 9 0.00325
1 2 0 0 0.000845
1 2 0 1 0.001087
1 2 0 2 0.001239
1 2 0 3 0.001434
1 2 0 4 0.001744
1 2 0 5 0.001952
1 2 0 6 0.002432
1 2 0 7 0.002832
1 2 0 8 0.002025
1 2 0 9 0.003463
1 2 1 0 0.000913
1 2 1 1 0.001144
1 2 1 2 0.001329
1 2 1 3 0.001512
1 2 1 4 0.001736
1 2 1 5 0.001993
1 2 1 6 0.002497
1 2 1 7 0.002957
1 2 1 8 0.002153
1 2 1 9 0.003106
1 2 2 0 0.000887
1 2 2 1 0.001162
1 2 2 2 0.001278
1 2 2 3 0.001445
1 2 2 4 0.001698
1 2 2 5 0.002004
1 2 2 6 0.002495
1 2 2 7 0.00298
1 2 2 8 0.00212
1 2 2 9 0.003173
1 2 3 0 0.000865
1 2 3 1 0.00107
1 2 3 2 0.001331
1 2 3 3 0.001391
1 2 3 4 0.001635
1 2 3 5 0.001971
1 2 3 6 0.002441
1 2 3 7 0.002772
1 2 3 8 0.002154
1 2 3 9 0.002978
1 3 0 0 0.001079
1 3 0 1 0.001195
1 3 0 2 0.001515
1 3 0 3 0.001564
1 3 0 4 0.001889
1 3 0 5 0.00208
1 3 0 6 0.002656
1 3 0 7 0.002612
1 3 0 8 0.002056
1 3 0 9 0.00277
1 3 1 0 0.001117
1 3 1 1 0.001259
1 3 1 2 0.001461
1 3 1 3 0.001645
1 3 1 4 0.001811
1 3 1 5 0.00218
1 3 1 6 0.002517
1 3 1 7 0.002934
1 3 1 8 0.00232
1 3 1 9 0.002873
1 3 2 0 0.001071
1 3 2 1 0.001311
1 3 2 2 0.001359
1 3 2 3 0.001626
1 3 2 4 0.001856
1 3 2 5 0.002146
1 3 2 6 0.002568
1 3 2 7 0.003036
1 3 2 8 0.002237
1 3 2 9 0.002804
1 3 3 0 0.000968
1 3 3 1 0.001234
1 3 3 2 0.00141
1 3 3 3 0.001485
1 3 3 4 0.001683
1 3 3 5 0.001962
1 3 3 6 0.002505
1 3 3 7 0.002714
1 3 3 8 0.002339
1 3 3 9 0.003089
1 4 0 0 0.001482
1 4 0 1 0.001796
1 4 0 2 0.002011
1 4 0 3 0.002183
1 4 0 4 0.002201
1 4 0 5 0.002504
1 4 0 6 0.00245
1 4 0 7 0.003056
1 4 0 8 0.002566
1 4 0 9 0.002507
1 4 1 0 0.001533
1 4 1 1 0.001831
1 4 1 2 0.002023
1 4 1 3 0.002054
1 4 1 4 0.002191
1 4 1 5 0.002458
1 4 1 6 0.002598
1 4 1 7 0.002515
1 4 1 8 0.002871
1 4 1 9 0.002736
1 4 2 0 0.001526
1 4 2 1 0.001831
1 4 2 2 0.002015
1 4 2 3 0.002077
1 4 2 4 0.002311
1 4 2 5 0.00236
1 4 2 6 0.002491
1 4 2 7 0.002633
1 4 2 8 0.002859
1 4 2 9 0.002685
1 4 3 0 0.001493
1 4 3 1 0.00163
1 4 3 2 0.001673
1 4 3 3 0.001647
1 4 3 4 0.001682
1 4 3 5 0.002071
1 4 3 6 0.002517
1 4 3 7 0.002612
1 4 3 8 0.003152
1 4 3 9 0.002687
1 5 0 0 0.001227
1 5 0 1 0.001687
1 5 0 2 0.00208
1 5 0 3 0.002066
1 5 0 4 0.002262
1 5 0 5 0.002105
1 5 0 6 0.002318
1 5 0 7 0.002331
1 5 0 8 0.002247
1 5 0 9 0.002195
1 5 1 0 0.001325
1 5 1 1 0.001736
1 5 1 2 0.002066
1 5 1 3 0.002148
1 5 1 4 0.002226
1 5 1 5 0.002179
1 5 1 6 0.002242
1 5 1 7 0.002268
1 5 1 8 0.002411
1 5 1 9 0.002257
1 5 2 0 0.001314
1 5 2 1 0.001598
1 5 2 2 0.002114
1 5 2 3 0.002235
1 5 2 4 0.002218
1 5 2 5 0.002146
1 5 2 6 0.002194
1 5 2 7 0.002206
1 5 2 8 0.002298
1 5 2 9 0.002211
1 5 3 0 0.001269
1 5 3 1 0.001622
1 5 3 2 0.002087
1 5 3 3 0.001987
1 5 3 4 0.002019
1 5 3 5 0.002083
1 5 3 6 0.002224
1 5 3 7 0.002275
1 5 3 8 0.002291
1 5 3 9 0.002209
2 0 0 0 0.001353
2 0 1 0 0.000717
2 0 2 0 0.000654
2 0 3 0 0.000631
2 0 4 0 0.000652
2 0 5 0 0.000725
2 0 6 0 0.000825
2 0 7 0 0.000928
2 0 8 0 0.001048
2 0 9 0 0.00118
2 0 0 1 0.00654
2 0 1 1 0.004673
2 0 2 1 0.000864
2 0 3 1 0.000542
2 0 4 1 0.000471
2 0 5 1 0.000538
2 0 6 1 0.000662
2 0 7 1 0.000785
2 0 8 1 0.000895
2 0 9 1 0.001112
2 0 0 2 0.006834
2 0 1 2 0.008651
2 0 2 2 0.009258
2 0 3 2 0.003502
2 0 4 2 0.000363
2 0 5 2 0.000377
2 0 6 2 0.000493
2 0 7 2 0.000636
2 0 8 2 0.000779
2 0 9 2 0.000976
2 0 0 3 0.009901
2 0 1 3 0.010651
2 0 2 3 0.013054
2 0 3 3 0.008333
2 0 4 3 0.006956
2 0 5 3 0.000248
2 0 6 3 0.000327
2 0 7 3 0.000487
2 0 8 3 0.000647
2 0 9 3 0.000893
2 1 0 0 0.001557
2 1 1 0 0.001367
2 1 2 0 0.001292
2 1 3 0 0.001207
2 1 4 0 0.001087
2 1 5 0 0.001007
2 1 6 0 0.000933
2 1 7 0 0.000862
2 1 8 0 0.000805
2 1 9 0 0.000687
2 1 0 1 0.001402
2 1 1 1 0.001279
2 1 2 1 0.00123
2 1 3 1 0.001131
2 1 4 1 0.001028
2 1 5 1 0.000931
2 1 6 1 0.000843
2 1 7 1 0.000768
2 1 8 1 0.00072
2 1 9 1 0.000603
2 1 0 2 0.001256
2 1 1 2 0.001138
2 1 2 2 0.001103
2 1 3 2 0.001032
2 1 4 2 0.000931
2 1 5 2 0.000836
2 1 6 2 0.00074
2 1 7 2 0.000683
2 1 8 2 0.000641
2 1 9 2 0.000541
2 1 0 3 0.00104
2 1 1 3 0.000968
2 1 2 3 0.000908
2 1 3 3 0.000855
2 1 4 3 0.000772
2 1 5 3 0.000711
2 1 6 3 0.000625
2 1 7 3 0.000567
2 1 8 3 0.000514
2 1 9 3 0.000434
2 2 0 0 0.00078
2 2 1 0 0.000734
2 2 2 0 0.000635
2 2 3 0 0.000596
2 2 4 0 0.000566
2 2 5 0 0.000524
2 2 6 0 0.000534
2 2 7 0 0.000536
2 2 8 0 0.005452
2 2 9 0 0.010086
2 2 0 1 0.000741
2 2 1 1 0.000684
2 2 2 1 0.00058
2 2 3 1 0.000552
2 2 4 1 0.000512
2 2 5 1 0.00045
2 2 6 1 0.000399
2 2 7 1 0.000347
2 2 8 1 0.005975
2 2 9 1 0.009503
2 2 0 2 0.000654
2 2 1 2 0.000628
2 2 2 2 0.000547
2 2 3 2 0.000494
2 2 4 2 0.000455
2 2 5 2 0.000391
2 2 6 2 0.000342
2 2 7 2 0.000258
2 2 8 2 0.000286
2 2 9 2 0.0079
2 2 0 3 0.000547
2 2 1 3 0.000493
2 2 2 3 0.000445
2 2 3 3 0.000429
2 2 4 3 0.000371
2 2 5 3 0.000339
2 2 6 3 0.000276
2 2 7 3 0.000239
2 2 8 3 0.00015
2 2 9 3 0.006477
3 0 0 0 0.002563
3 0 0 1 0.002266
3 0 0 2 0.002253
3 0 0 3 0.002132
3 0 0 4 0.002152
3 0 0 5 0.002087
3 0 0 6 0.002039
3 0 0 7 0.001964
3 0 0 8 0.001965
3 0 0 9 0.002028
3 1 0 0 0.000823
3 1 0 1 0.000849
3 1 0 2 0.000917
3 1 0 3 0.000956
3 1 0 4 0.000988
3 1 0 5 0.00102
3 1 0 6 0.001022
3 1 0 7 0.001039
3 1 0 8 0.001068
3 1 0 9 0.000976
4 0 0 0 0.00117
4 0 1 0 0.00104
4 0 2 0 0.001009
4 0 3 0 0.000958
4 0 4 0 0.000888
4 0 5 0 0.00079
4 0 6 0 0.000763
4 0 7 0 0.000693
4 0 8 0 0.000616
4 0 9 0 0.000678
4 1 0 0 0.000683
4 1 1 0 0.000748
4 1 2 0 0.000821
4 1 3 0 0.000919
4 1 4 0 0.001
4 1 5 0 0.001116
4 1 6 0 0.001192
4 1 7 0 0.001253
4 1 8 0 0.001281
4 1 9 0 0.001315
